0.000000e+00	-3.031932e+02	-6.715495e+02	-7.423637e+02	-7.714665e+02	-7.888553e+02	-7.992873e+02	-8.061336e+02	-8.102491e+02	-8.127250e+02	-8.142263e+02	-8.152152e+02	-8.158909e+02	-8.163094e+02	-8.164288e+02	-8.161606e+02	-8.153888e+02	-8.139881e+02	-8.118443e+02	-8.088908e+02	-8.051522e+02	-8.007696e+02	-7.959617e+02	-7.909014e+02	-7.855280e+02	-7.793355e+02	-7.711585e+02	-7.589207e+02	-7.387622e+02	-7.002112e+02	-5.969406e+02	-2.482812e+02	0.000000e+00
-3.031932e+02	1.319334e+02	1.250567e+02	6.524180e+01	4.622058e+01	3.401706e+01	2.648006e+01	2.151237e+01	1.851286e+01	1.668150e+01	1.554935e+01	1.480147e+01	1.431918e+01	1.408561e+01	1.415493e+01	1.461303e+01	1.556387e+01	1.711237e+01	1.934467e+01	2.229574e+01	2.591551e+01	3.005868e+01	3.453328e+01	3.922009e+01	4.423686e+01	5.010856e+01	5.791057e+01	6.938346e+01	8.717639e+01	1.150278e+02	1.525716e+02	1.098565e+02	-2.482812e+02
-1.738373e+02	-5.910395e+01	5.429111e+01	4.392797e+01	2.795617e+01	2.251363e+01	1.858767e+01	1.635859e+01	1.495037e+01	1.409855e+01	1.356363e+01	1.325207e+01	1.314105e+01	1.325648e+01	1.364835e+01	1.437507e+01	1.549331e+01	1.704678e+01	1.905312e+01	2.148896e+01	2.428079e+01	2.731220e+01	3.045515e+01	3.361890e+01	3.678941e+01	4.001660e+01	4.330045e+01	4.634268e+01	4.812255e+01	4.538276e+01	2.165293e+01	-4.061396e+01	-7.364467e+01
-1.174727e+02	-8.268542e+01	1.341694e+01	3.039584e+01	1.944914e+01	1.544318e+01	1.351682e+01	1.247105e+01	1.181771e+01	1.143894e+01	1.121151e+01	1.112256e+01	1.116019e+01	1.133976e+01	1.167170e+01	1.216581e+01	1.282269e+01	1.363520e+01	1.458726e+01	1.565571e+01	1.680966e+01	1.800557e+01	1.917396e+01	2.019932e+01	2.089753e+01	2.099734e+01	2.013018e+01	1.778674e+01	1.298224e+01	3.004067e+00	-1.036385e+01	-2.110914e+01	-2.583808e+01
-9.282629e+01	-7.530293e+01	-1.272899e+01	1.969334e+01	1.640325e+01	1.201516e+01	1.052809e+01	9.577614e+00	9.011879e+00	8.619882e+00	8.340061e+00	8.123932e+00	7.951239e+00	7.809433e+00	7.687995e+00	7.577455e+00	7.468183e+00	7.354083e+00	7.234624e+00	7.117081e+00	7.013748e+00	6.932524e+00	6.858924e+00	6.732294e+00	6.424834e+00	5.737424e+00	4.422973e+00	2.242200e+00	-7.925774e-01	-3.615485e+00	-6.726211e+00	-1.024696e+01	-1.149567e+01
-7.307908e+01	-6.318512e+01	-2.720029e+01	1.008572e+01	1.423774e+01	1.044500e+01	8.417761e+00	7.202547e+00	6.394411e+00	5.807111e+00	5.332648e+00	4.904139e+00	4.493997e+00	4.086708e+00	3.677131e+00	3.262188e+00	2.841677e+00	2.416826e+00	1.990788e+00	1.567530e+00	1.151342e+00	7.457075e-01	3.510766e-01	-4.227834e-02	-4.593774e-01	-9.267376e-01	-1.454871e+00	-1.939262e+00	-2.229192e+00	-2.778261e+00	-3.870884e+00	-4.856520e+00	-5.162665e+00
-5.861523e+01	-5.284509e+01	-3.251000e+01	1.622288e+00	1.178869e+01	9.636827e+00	7.044810e+00	5.423735e+00	4.365424e+00	3.644853e+00	3.098612e+00	2.647649e+00	2.259368e+00	1.918665e+00	1.617457e+00	1.346774e+00	1.096632e+00	8.538951e-01	6.028730e-01	3.255737e-01	5.794025e-03	-3.646593e-01	-7.796841e-01	-1.219931e+00	-1.648096e+00	-1.973849e+00	-2.085401e+00	-2.009051e+00	-1.917676e+00	-1.966703e+00	-2.138190e+00	-2.254907e+00	-2.275208e+00
-4.804065e+01	-4.452981e+01	-3.244329e+01	-5.407642e+00	8.836240e+00	9.005881e+00	6.320898e+00	4.314153e+00	3.106790e+00	2.406615e+00	1.976921e+00	1.701824e+00	1.524236e+00	1.408511e+00	1.328639e+00	1.262584e+00	1.190544e+00	1.092355e+00	9.466849e-01	7.309971e-01	4.257169e-01	2.274097e-02	-4.655295e-01	-1.008495e+00	-1.553717e+00	-1.976349e+00	-2.112839e+00	-1.978086e+00	-1.727270e+00	-1.483766e+00	-1.285327e+00	-1.136733e+00	-1.077668e+00
-3.970731e+01	-3.748827e+01	-2.993420e+01	-1.061949e+01	5.490179e+00	8.202509e+00	5.986119e+00	3.742734e+00	2.455377e+00	1.868737e+00	1.629187e+00	1.551800e+00	1.547042e+00	1.567100e+00	1.586341e+00	1.589359e+00	1.564371e+00	1.498221e+00	1.373210e+00	1.165498e+00	8.490400e-01	4.084232e-01	-1.447308e-01	-7.753826e-01	-1.434762e+00	-1.995538e+00	-2.225097e+00	-2.069661e+00	-1.722248e+00	-1.347604e+00	-1.029637e+00	-8.156237e-01	-7.397980e-01
-3.298298e+01	-3.154796e+01	-2.670266e+01	-1.379931e+01	2.085257e+00	7.093127e+00	5.777063e+00	3.513266e+00	2.171629e+00	1.695145e+00	1.611089e+00	1.655694e+00	1.725907e+00	1.784324e+00	1.822192e+00	1.838340e+00	1.830916e+00	1.792240e+00	1.705038e+00	1.539227e+00	1.255091e+00	8.213645e-01	2.440381e-01	-4.356648e-01	-1.179492e+00	-1.900205e+00	-2.336358e+00	-2.289692e+00	-1.938646e+00	-1.519433e+00	-1.163055e+00	-9.312312e-01	-8.513674e-01
-2.764744e+01	-2.670993e+01	-2.356986e+01	-1.517362e+01	-1.022237e+00	5.717477e+00	5.531055e+00	3.466169e+00	2.091601e+00	1.671960e+00	1.677733e+00	1.776153e+00	1.860708e+00	1.913356e+00	1.942400e+00	1.956524e+00	1.959829e+00	1.948618e+00	1.907814e+00	1.804113e+00	1.583925e+00	1.193746e+00	6.270526e-01	-6.387735e-02	-8.384887e-01	-1.674084e+00	-2.370495e+00	-2.580991e+00	-2.340250e+00	-1.939134e+00	-1.574385e+00	-1.335309e+00	-1.253364e+00
-2.335645e+01	-2.275602e+01	-2.074932e+01	-1.529637e+01	-3.625280e+00	4.170352e+00	5.179871e+00	3.503799e+00	2.121860e+00	1.699020e+00	1.742524e+00	1.855211e+00	1.927727e+00	1.960713e+00	1.972967e+00	1.978505e+00	1.984459e+00	1.991436e+00	1.990997e+00	1.954259e+00	1.818543e+00	1.502703e+00	9.748445e-01	2.955469e-01	-4.671525e-01	-1.332736e+00	-2.240715e+00	-2.814875e+00	-2.833149e+00	-2.544160e+00	-2.219280e+00	-1.996052e+00	-1.919205e+00
-1.964286e+01	-1.930196e+01	-1.814093e+01	-1.470271e+01	-5.680858e+00	2.525922e+00	4.695177e+00	3.560350e+00	2.225765e+00	1.752690e+00	1.783834e+00	1.891049e+00	1.949767e+00	1.965418e+00	1.963319e+00	1.960184e+00	1.962803e+00	1.974118e+00	1.994396e+00	2.008020e+00	1.954558e+00	1.727360e+00	1.257492e+00	5.997481e-01	-1.376580e-01	-9.615140e-01	-1.952024e+00	-2.875558e+00	-3.293379e+00	-3.252946e+00	-3.056504e+00	-2.898669e+00	-2.843374e+00
-1.611840e+01	-1.600352e+01	-1.555952e+01	-1.369045e+01	-7.232860e+00	8.083932e-01	4.047348e+00	3.599499e+00	2.378278e+00	1.817686e+00	1.806586e+00	1.905836e+00	1.954861e+00	1.959321e+00	1.949931e+00	1.942780e+00	1.941754e+00	1.948994e+00	1.971287e+00	2.010403e+00	2.019597e+00	1.875421e+00	1.469272e+00	8.362279e-01	1.154302e-01	-6.451329e-01	-1.593051e+00	-2.729511e+00	-3.597507e+00	-3.948579e+00	-4.000523e+00	-3.981138e+00	-3.971984e+00
-1.259249e+01	-1.267758e+01	-1.286083e+01	-1.232587e+01	-8.315846e+00	-9.790011e-01	3.185390e+00	3.550248e+00	2.572411e+00	1.929527e+00	1.826379e+00	1.897086e+00	1.944881e+00	1.951947e+00	1.943920e+00	1.936944e+00	1.934036e+00	1.935471e+00	1.950555e+00	1.996299e+00	2.044208e+00	1.962351e+00	1.608936e+00	9.973307e-01	2.823684e-01	-4.275286e-01	-1.266535e+00	-2.438333e+00	-3.670807e+00	-4.494585e+00	-4.909486e+00	-5.107042e+00	-5.170804e+00
-9.080402e+00	-9.323802e+00	-1.000393e+01	-1.056349e+01	-8.874282e+00	-2.840673e+00	2.030979e+00	3.351390e+00	2.764214e+00	2.073351e+00	1.861069e+00	1.894709e+00	1.941308e+00	1.951747e+00	1.945438e+00	1.938779e+00	1.934667e+00	1.931900e+00	1.940049e+00	1.986396e+00	2.055844e+00	2.009533e+00	1.683560e+00	1.079769e+00	3.617523e-01	-3.172091e-01	-1.035391e+00	-2.103810e+00	-3.517403e+00	-4.775909e+00	-5.608552e+00	-6.075309e+00	-6.230421e+00
-5.781900e+00	-6.120645e+00	-7.103322e+00	-8.405061e+00	-8.693062e+00	-4.680137e+00	4.871860e-01	2.835947e+00	2.904642e+00	2.302090e+00	1.940803e+00	1.879090e+00	1.912571e+00	1.937141e+00	1.942159e+00	1.939518e+00	1.935465e+00	1.930810e+00	1.937421e+00	1.988400e+00	2.068938e+00	2.027727e+00	1.693705e+00	1.076163e+00	3.490154e-01	-3.099560e-01	-9.196571e-01	-1.809221e+00	-3.202321e+00	-4.734859e+00	-5.934411e+00	-6.662012e+00	-6.906804e+00
-3.022454e+00	-3.379079e+00	-4.426846e+00	-6.010803e+00	-7.492521e+00	-6.201802e+00	-1.482453e+00	1.866459e+00	2.791805e+00	2.514314e+00	2.118405e+00	1.944644e+00	1.915595e+00	1.924046e+00	1.931126e+00	1.932881e+00	1.931255e+00	1.929007e+00	1.944337e+00	2.009367e+00	2.089540e+00	2.015310e+00	1.630132e+00	9.738381e-01	2.355902e-01	-4.002373e-01	-9.131765e-01	-1.597428e+00	-2.807936e+00	-4.381378e+00	-5.782016e+00	-6.681813e+00	-6.987202e+00
-1.021544e+00	-1.334294e+00	-2.257400e+00	-3.728783e+00	-5.526524e+00	-6.556811e+00	-3.739415e+00	1.978356e-01	2.274357e+00	2.620834e+00	2.314917e+00	2.045750e+00	1.942876e+00	1.924794e+00	1.926638e+00	1.927614e+00	1.927278e+00	1.935021e+00	1.973856e+00	2.056196e+00	2.106817e+00	1.946694e+00	1.464951e+00	7.517527e-01	1.146582e-02	-5.815454e-01	-9.953922e-01	-1.472941e+00	-2.399574e+00	-3.779715e+00	-5.140530e+00	-6.055529e+00	-6.368199e+00
2.039858e-01	-3.886263e-02	-7.566087e-01	-1.925340e+00	-3.508232e+00	-5.299074e+00	-5.209924e+00	-2.135066e+00	8.530202e-01	2.303357e+00	2.536182e+00	2.302967e+00	2.074128e+00	1.960749e+00	1.924532e+00	1.922642e+00	1.939888e+00	1.980256e+00	2.050703e+00	2.120598e+00	2.076859e+00	1.766260e+00	1.154762e+00	3.883738e-01	-3.241779e-01	-8.367010e-01	-1.132397e+00	-1.409095e+00	-2.009638e+00	-3.024801e+00	-4.110776e+00	-4.866802e+00	-5.126267e+00
8.022244e-01	6.290135e-01	1.165785e-01	-7.230075e-01	-1.901307e+00	-3.444697e+00	-4.884634e+00	-3.976152e+00	-1.328301e+00	9.487543e-01	2.140399e+00	2.471952e+00	2.399653e+00	2.246489e+00	2.139467e+00	2.095255e+00	2.100021e+00	2.135239e+00	2.168769e+00	2.127507e+00	1.897201e+00	1.389655e+00	6.556331e-01	-1.192799e-01	-7.446925e-01	-1.122887e+00	-1.271673e+00	-1.355812e+00	-1.638193e+00	-2.219908e+00	-2.892082e+00	-3.371749e+00	-3.536327e+00
1.012313e+00	8.943172e-01	5.445384e-01	-2.873742e-02	-8.365118e-01	-1.941034e+00	-3.396550e+00	-4.257397e+00	-3.107303e+00	-1.018472e+00	7.445105e-01	1.796373e+00	2.256160e+00	2.377872e+00	2.364614e+00	2.322491e+00	2.282906e+00	2.231945e+00	2.121753e+00	1.876742e+00	1.423653e+00	7.500669e-01	-2.834616e-02	-7.168701e-01	-1.171387e+00	-1.360327e+00	-1.342985e+00	-1.255180e+00	-1.270822e+00	-1.461679e+00	-1.725666e+00	-1.918913e+00	-1.984298e+00
1.043392e+00	9.625322e-01	7.218388e-01	3.269893e-01	-2.234862e-01	-9.684668e-01	-2.002475e+00	-3.263711e+00	-3.627431e+00	-2.552639e+00	-9.702328e-01	3.795201e-01	1.273976e+00	1.766982e+00	1.989574e+00	2.051889e+00	2.010596e+00	1.875758e+00	1.619713e+00	1.206187e+00	6.179677e-01	-9.618297e-02	-7.821399e-01	-1.266539e+00	-1.476753e+00	-1.454232e+00	-1.287428e+00	-1.074343e+00	-9.087259e-01	-8.296436e-01	-8.050407e-01	-7.934066e-01	-7.878166e-01
1.033003e+00	9.705983e-01	7.850466e-01	4.828989e-01	7.270466e-02	-4.542543e-01	-1.154125e+00	-2.120057e+00	-3.081971e+00	-3.110326e+00	-2.208818e+00	-1.050386e+00	-6.502700e-02	6.170433e-01	1.014357e+00	1.187023e+00	1.182403e+00	1.023687e+00	7.130681e-01	2.569311e-01	-3.248237e-01	-9.360844e-01	-1.402668e+00	-1.603511e+00	-1.556492e+00	-1.362145e+00	-1.105212e+00	-8.335381e-01	-5.822720e-01	-3.720022e-01	-2.081809e-01	-9.918676e-02	-6.023000e-02
9.937002e-01	9.376492e-01	7.731538e-01	5.120216e-01	1.720205e-01	-2.378731e-01	-7.433528e-01	-1.416203e+00	-2.283297e+00	-2.896316e+00	-2.719441e+00	-2.007083e+00	-1.201441e+00	-5.429370e-01	-1.047445e-01	1.174705e-01	1.503727e-01	1.677073e-02	-2.634343e-01	-6.739838e-01	-1.163118e+00	-1.575448e+00	-1.747729e+00	-1.656725e+00	-1.412074e+00	-1.130060e+00	-8.545840e-01	-5.857435e-01	-3.272779e-01	-9.338868e-02	9.729373e-02	2.237487e-01	2.682259e-01
8.611356e-01	8.121495e-01	6.705383e-01	4.521457e-01	1.786912e-01	-1.381005e-01	-5.180830e-01	-1.016417e+00	-1.683905e+00	-2.392702e+00	-2.681307e+00	-2.419942e+00	-1.902678e+00	-1.391374e+00	-1.009979e+00	-7.943169e-01	-7.428371e-01	-8.470196e-01	-1.097088e+00	-1.459686e+00	-1.797490e+00	-1.921745e+00	-1.772376e+00	-1.456698e+00	-1.122062e+00	-8.393552e-01	-5.991829e-01	-3.740600e-01	-1.573227e-01	3.945948e-02	1.985620e-01	3.026921e-01	3.390113e-01
6.175324e-01	5.845967e-01	4.897549e-01	3.451312e-01	1.672128e-01	-3.754884e-02	-2.925066e-01	-6.531518e-01	-1.171318e+00	-1.809740e+00	-2.300129e+00	-2.377879e+00	-2.146977e+00	-1.826235e+00	-1.557759e+00	-1.409083e+00	-1.409164e+00	-1.563498e+00	-1.834832e+00	-2.090124e+00	-2.139860e+00	-1.914541e+00	-1.519638e+00	-1.112967e+00	-7.895239e-01	-5.571051e-01	-3.764741e-01	-2.134305e-01	-5.940775e-02	7.757715e-02	1.859090e-01	2.556932e-01	2.798623e-01
3.378535e-01	3.267295e-01	2.927410e-01	2.369769e-01	1.659221e-01	8.401352e-02	-2.816296e-02	-2.265614e-01	-5.781988e-01	-1.094263e+00	-1.632688e+00	-1.945889e+00	-1.993651e+00	-1.921178e+00	-1.868660e+00	-1.916447e+00	-2.083567e+00	-2.318317e+00	-2.487230e+00	-2.431418e+00	-2.106433e+00	-1.622772e+00	-1.135432e+00	-7.452062e-01	-4.788153e-01	-3.097270e-01	-1.927373e-01	-9.498009e-02	-6.100281e-03	7.029679e-02	1.282766e-01	1.643420e-01	1.766163e-01
1.212257e-01	1.281460e-01	1.428439e-01	1.554532e-01	1.681513e-01	1.923940e-01	2.208128e-01	2.055857e-01	6.745646e-02	-2.605659e-01	-7.528157e-01	-1.254123e+00	-1.653102e+00	-1.983769e+00	-2.312542e+00	-2.649322e+00	-2.927879e+00	-3.029393e+00	-2.852483e+00	-2.402727e+00	-1.806025e+00	-1.219594e+00	-7.453005e-01	-4.138519e-01	-2.104161e-01	-9.928492e-02	-4.056358e-02	-3.371595e-03	2.732194e-02	5.295645e-02	7.004500e-02	7.830360e-02	8.056039e-02
1.255779e-02	2.693600e-02	6.046823e-02	1.014566e-01	1.613501e-01	2.627199e-01	4.071621e-01	5.594748e-01	6.432508e-01	5.445069e-01	1.571131e-01	-5.222640e-01	-1.378131e+00	-2.264692e+00	-3.041003e+00	-3.567177e+00	-3.728330e+00	-3.483979e+00	-2.905776e+00	-2.159898e+00	-1.429011e+00	-8.334922e-01	-4.099887e-01	-1.404402e-01	1.017575e-02	7.515665e-02	8.532297e-02	7.013317e-02	5.228444e-02	4.086423e-02	3.243711e-02	2.363936e-02	1.938428e-02
-9.508468e-03	4.916225e-04	2.301376e-02	6.020468e-02	1.426257e-01	2.974167e-01	5.264049e-01	8.060369e-01	1.072937e+00	1.185493e+00	9.159664e-01	7.981133e-02	-1.236616e+00	-2.670396e+00	-3.808199e+00	-4.375571e+00	-4.303138e+00	-3.707112e+00	-2.819693e+00	-1.891841e+00	-1.103978e+00	-5.291225e-01	-1.556895e-01	6.454312e-02	1.767257e-01	2.089790e-01	1.828777e-01	1.261162e-01	6.938320e-02	3.233000e-02	1.431683e-02	3.405165e-03	-1.766320e-03
-1.206026e-03	-7.845581e-04	4.599316e-04	2.613715e-02	1.217224e-01	3.108315e-01	5.921561e-01	9.507832e-01	1.335888e+00	1.592601e+00	1.409999e+00	4.681315e-01	-1.172040e+00	-2.981138e+00	-4.341262e+00	-4.898500e+00	-4.643639e+00	-3.812694e+00	-2.736698e+00	-1.707037e+00	-8.934553e-01	-3.369492e-01	3.015348e-03	1.920884e-01	2.810180e-01	2.939473e-01	2.455728e-01	1.616695e-01	7.822873e-02	2.369521e-02	3.408377e-03	2.461932e-04	-8.107271e-04
0.000000e+00	-1.206026e-03	-9.478388e-03	1.178690e-02	1.126920e-01	3.141101e-01	6.133896e-01	9.989701e-01	1.424931e+00	1.732284e+00	1.580783e+00	6.021170e-01	-1.151244e+00	-3.090437e+00	-4.525990e+00	-5.077733e+00	-4.758891e+00	-3.847244e+00	-2.707213e+00	-1.643348e+00	-8.214103e-01	-2.714156e-01	5.699843e-02	2.354270e-01	3.165644e-01	3.231297e-01	2.672710e-01	1.739094e-01	8.078335e-02	1.951349e-02	-1.766138e-03	-8.107271e-04	0.000000e+00
